1,33,34,35
1,31,35
1,8,29
1
1
1,22
1,14
1
1,8
1,8,18
1,24
1,15,17
1,8
1
1,15
1,15,25
1,20
1
1
1,26
2,26
2,8,15,26
2,16,22
2,30
2,23
2
2
2
2,9
2
2
2
2
2
2,9,19,27
2,9
2,9
2,9
3,27
3
3,25
3,26
3,26
3,31
3,10,16
3
3
3,10,16
3
3
3,22
3,23
3,16
3
3,24
3
3
3
3,10
3
3,10,25
3,10,18
4,22
4,10
4,18
4
4
4
4
4
4,11,25
4
4
4,11
4,15
4
4
4
4
4
4,11
4
4
4
4,17
4
4
4
4,1
4
5
5,11
5
5
5
5
5,27
5
5,24
5
5
5
5
5
5
5,12
5
5
5
5
5,23
5
6
6
6
6
6,12
6
6
6,12
6
6,12
6,13
6,13
6,13,20,22
6
6
6,13
6
6
6,13,21
6
6,21
6
6
7,13
7,13
7
7
7
7,22
7
7
7,24
7,14,15
7,14
7
7,17,26,1
8,16,20,23,31,35
8,14,16,33
8,19
8,14,16,17
8,14
8
8,14,16,27
8,18
8,25
8
8,25
8,22
8
8
8
8
8,18
9
9
9
9
9
9
9
9
9
9,24
9
9,26
9
10
10
10,19
10
10
10
10
10
10
10,23
10
10
10
10
10,16
10,15
10
10
10
10
10
11
11,22
11
11
11
11
11
11
11
11
11
11
11,21
11
11
11
11
11
11
11
11
11
11
12
12
12
12
12
12
12
12
12
12
12
12
12
12
12
12
12
12
12
12
12
12
12
12
13
13
13
13
13,23
13
13
13,27
13,18
13
13
13,23
13
13
13
14
14
14,17
14,23,28
14
14,18
14
14
15,25
15,30
15
15
15
15
15
15
15
15
15
16
16
16
16
16,24
16
16
16
16
16,23
16
16,18,22,29,34
17,23
17
17
17
17
18
18,31
18,22
18
18
18
18,21
19
19
19
19
19
19
20
20,29
20
20,21
20,21
20
21
21
21
21
21
21,22
22
22
22
22
22
22
22,27
22,25
22,23
23
23,24
23
24
24
24
24
24
24
24
24
25
25
25
25
25,34
25
25
25
25
26
26
1
1
1
27
27
27
27
27
1
28
28
28
28
28
28
28
28
29
29
30
